GeneName	WT1_2	WT2_2	KO1_2	KO2_2	KOplWT1_2	KOplWT2_2	Length	GeneID
NDUFAB1	376.35	360.78	375.91	389.22	434.92	472.52	522	ENSG00000004779
UQCRC1	229.82	233.63	185.14	172.22	249.46	217.14	1495	ENSG00000010256
NDUFS1	80.76	82.64	96.94	95.32	107.92	118.88	2235	ENSG00000023228
NDUFB4	377.01	349.1	437.14	451.84	569.16	599.1	447	ENSG00000065518
SDHA	125.98	126.57	163.22	159.65	199.86	170	2126	ENSG00000073578
VPS9D1	0.61	0.7	0.5	0.58	0.79	0.68	1896	ENSG00000075399
NDUFB2	166.19	168.09	185.33	190.48	243.37	271.78	588	ENSG00000090266
ATP5F1D	473.56	507.14	444.79	434.39	480.33	408.68	504	ENSG00000099624
NDUFB7	305.54	290.19	354.57	331.95	406.89	424.18	411	ENSG00000099795
NDUFC1	366.87	327.98	389.37	372.78	645.02	807.82	228	ENSG00000109390
NDUFS8	203.75	204.86	291.55	271.84	367.75	345.49	841	ENSG00000110717
ATP5F1B	1076.81	1071.7	997.07	960.75	1253.13	1188.14	1587	ENSG00000110955
COX6A1	1042.49	1019.08	1298.54	1315.65	1246.61	1504.63	327	ENSG00000111775
COX7A2	208.77	198.85	369.23	378.12	453.17	509.48	589	ENSG00000112695
NDUFS7	136.57	136.5	172.95	167.64	241.26	206.73	937	ENSG00000115286
COX7A2L	107.33	105.84	97.97	100.99	92.7	96.92	513	ENSG00000115944
ATP5PB	474.29	459.25	471.4	491.76	470.7	450.22	768	ENSG00000116459
SDHB	122.74	122.35	154.82	153.11	310.04	289.26	870	ENSG00000117118
NDUFB3	217.14	212.48	279.19	298.18	280.66	320.65	294	ENSG00000119013
NDUFA8	209.62	215.21	227.35	222.24	264.02	280.92	516	ENSG00000119421
ATPAF1	71.47	71.19	58.82	52.76	72.49	91.12	1148	ENSG00000123472
ATP5F1E	434.8	415.31	448.22	463.93	694.14	856.7	153	ENSG00000124172
NDUFA1	813.9	805.1	1094.33	1214.18	1277.75	1483.55	210	ENSG00000125356
COX6B1	714.21	677.49	783.77	796.42	709.28	826.51	258	ENSG00000126267
COX7C	1496.26	1460.01	2636.03	2683.87	2794.16	3121.67	192	ENSG00000127184
UQCR11	513	437.82	631.18	586.02	1112.32	1229.88	168	ENSG00000127540
NDUFA5	78.06	75.88	94.84	100.02	108.55	118.81	447	ENSG00000128609
NDUFA10	60.8	63.47	65.48	69.72	70.08	68.22	1822	ENSG00000130414
COX4I2	6.51	5.58	5.49	4.31	2.23	0	513	ENSG00000131055
COX4I1	671.96	671.4	640.43	665	779.86	724.18	617	ENSG00000131143
COX7B	824.18	792.83	1043.04	1156.81	964.55	1166.67	255	ENSG00000131174
NDUFA2	308.72	303.74	453.42	435.62	503.37	538.24	317	ENSG00000131495
ATP5MC2	771.36	748.73	893.81	809.68	1001.41	1054.56	471	ENSG00000135390
COX5B	663.41	649.51	862.36	891.82	1016.93	911.39	387	ENSG00000135940
NDUFB5	110.42	102.6	137.7	140.44	154.39	193.43	701	ENSG00000136521
NDUFA9	100.61	100.79	96.24	99.26	89.12	92.14	1419	ENSG00000139180
UQCRC2	201.15	203.07	212.57	214.97	233.16	228.74	1470	ENSG00000140740
NDUFB10	358.69	387.9	355.17	342.33	555.18	591.79	611	ENSG00000140990
SDHC	280.16	282.87	303.08	297.09	296.38	336.04	673	ENSG00000143252
NDUFS6	270.14	265.72	413.33	390.7	395.14	405.65	579	ENSG00000145494
NDUFB11	318.96	326.74	488.45	486.36	679.47	566.79	489	ENSG00000147123
NDUFB9	247.94	229.8	203.09	206.51	213.96	233.92	924	ENSG00000147684
NDUFC2	484.06	474.16	565.58	602.05	468.94	482.26	403	ENSG00000151366
ATP5F1A	450.69	458.8	402.86	389.56	418.04	403.09	2076	ENSG00000152234
ATP5MC3	1143.53	1175.06	1090.77	1075.68	1295.31	1295.55	426	ENSG00000154518
UQCRB	332.03	301.09	289.02	325.14	219.45	285.27	683	ENSG00000156467
COX6A2	0	0	0	0	0	0.56	291	ENSG00000156885
NDUFS2	162.43	161.7	164.95	163.71	186.9	181.74	1406	ENSG00000158864
ATP5MC1	501.61	502.17	413.73	415.16	512.01	545.05	409	ENSG00000159199
NDUFV3	55.98	56.69	55.28	52.3	66.16	80.54	1419	ENSG00000160194
COX6B2	0	0.58	0.89	0.7	0.67	1.83	264	ENSG00000160471
COX7A1	0	0	0	0	0.37	0	237	ENSG00000161281
NDUFS4	44.73	41.42	82.96	80.94	96.09	109.49	746	ENSG00000164258
UQCRQ	742.27	722.79	1189.09	1169.9	1797.77	2126.71	246	ENSG00000164405
COX6C	575.85	542.8	765.12	882.91	987.09	1131.39	225	ENSG00000164919
NDUFB6	325.89	328.69	406.72	440.03	450.4	479.22	384	ENSG00000165264
ATP5F1C	351.46	353.1	338.12	330.62	338.28	330.42	895	ENSG00000165629
NDUFB8	315.64	311.94	400.46	396.37	487.32	510.86	607	ENSG00000166136
NDUFV1	135.62	132.91	158.19	152.12	210.81	203.36	1455	ENSG00000167792
NDUFS5	629.64	585.48	744.82	802.4	693.98	714.22	318	ENSG00000168653
UQCRFS1	281.62	278.08	219.86	207.47	315.18	310.28	822	ENSG00000169021
NDUFA3	133.78	130.63	180.35	176.27	249.98	288.71	558	ENSG00000170906
ATPAF2	10.38	12.73	16.93	18.93	21.63	22.72	867	ENSG00000171953
UQCRH	383.65	381.98	560.81	607.94	645.66	776.08	437	ENSG00000173660
NDUFA11	234.37	232.26	272	263.07	315.92	316.13	841	ENSG00000174886
COX8A	737.37	762.24	1329.16	1189.92	1516.21	1795.14	207	ENSG00000176340
NDUFV2	110.13	108.24	98.79	108.07	122.81	126.28	882	ENSG00000178127
COX5A	373.93	362.12	429.75	423.56	539.04	522.5	570	ENSG00000178741
CYC1	354.4	351.63	343.98	332.9	448.98	400.49	975	ENSG00000179091
NDUFB1	197.6	197.67	230.38	214.22	254.4	277.24	315	ENSG00000183648
UQCR10	863.78	847.46	956.65	980.83	1385.52	1563.28	225	ENSG00000184076
NDUFA12	148.79	134.01	196.85	191.24	244.01	292.61	550	ENSG00000184752
NDUFA6	240.09	222.45	240.19	250.01	375.51	370.71	462	ENSG00000184983
NDUFA4L2	0	0.15	1.06	1.11	0.26	1.45	333	ENSG00000185633
NDUFA13	273.04	269.13	376.84	367.18	417.33	439.4	770	ENSG00000186010
COX8C	0	0.24	0	0	0	0	216	ENSG00000187581
NDUFA4	520.06	502.59	737.92	792.47	687.47	763.93	243	ENSG00000189043
SDHD	176.84	171.09	176.68	172.88	215.87	247.28	658	ENSG00000204370
NDUFS3	148.89	147.53	121.35	112.71	126.97	128.67	1109	ENSG00000213619
ATP5PO	427.8	414.39	400.52	417.48	467.41	502.45	728	ENSG00000241837
NDUFA7	219.98	219.89	303.74	267.61	423.03	437.67	433	ENSG00000267855
